13 , 1 , 1 , 0.025 , 0.025
14 , 1 , 2 , 0.025 , 0.05
15 , 5 , 7 , 0.125 , 0.175
16 , 2 , 9 , 0.05 , 0.225
17 , 3 , 12 , 0.075 , 0.3
18 , 1 , 13 , 0.025 , 0.325
19 , 7 , 20 , 0.175 , 0.5
20 , 2 , 22 , 0.05 , 0.55
21 , 4 , 26 , 0.1 , 0.65
22 , 2 , 28 , 0.05 , 0.7
23 , 4 , 32 , 0.1 , 0.8
24 , 3 , 35 , 0.075 , 0.875
25 , 3 , 38 , 0.075 , 0.95
26 , 1 , 39 , 0.025 , 0.975
32 , 1 , 40 , 0.025 , 1.0
